1.000000000000000056e-01 0.000000000000000000e+00 0.000000000000000000e+00 1.166760716081661986e+00 1.000000000000000048e-04 -9.000000000000000222e-01
1.000000000000000056e-01 0.000000000000000000e+00 0.000000000000000000e+00 1.555900421101123365e+00 1.000000000000000048e-04 -9.000000000000000222e-01
1.000000000000000056e-01 0.000000000000000000e+00 0.000000000000000000e+00 2.074826557850288911e+00 1.000000000000000048e-04 -9.000000000000000222e-01
1.000000000000000056e-01 0.000000000000000000e+00 0.000000000000000000e+00 2.766825682915017293e+00 1.000000000000000048e-04 -9.000000000000000222e-01
1.000000000000000056e-01 0.000000000000000000e+00 0.000000000000000000e+00 3.689621347227101111e+00 1.000000000000000048e-04 -9.000000000000000222e-01
1.000000000000000056e-01 0.000000000000000000e+00 0.000000000000000000e+00 4.920189143094656714e+00 1.000000000000000048e-04 -9.000000000000000222e-01
1.000000000000000056e-01 0.000000000000000000e+00 0.000000000000000000e+00 6.561177672614024736e+00 1.000000000000000048e-04 -9.000000000000000222e-01
1.000000000000000056e-01 0.000000000000000000e+00 0.000000000000000000e+00 8.749471046662279150e+00 1.000000000000000048e-04 -9.000000000000000222e-01
1.000000000000000056e-01 0.000000000000000000e+00 0.000000000000000000e+00 1.166760716081661897e+01 1.000000000000000048e-04 -9.000000000000000222e-01
1.000000000000000056e-01 0.000000000000000000e+00 0.000000000000000000e+00 1.555900421101123499e+01 1.000000000000000048e-04 -9.000000000000000222e-01
1.000000000000000056e-01 0.000000000000000000e+00 0.000000000000000000e+00 2.074826557850288822e+01 1.000000000000000048e-04 -9.000000000000000222e-01
1.000000000000000056e-01 0.000000000000000000e+00 0.000000000000000000e+00 2.766825682915017381e+01 1.000000000000000048e-04 -9.000000000000000222e-01
1.000000000000000056e-01 0.000000000000000000e+00 0.000000000000000000e+00 3.689621347227100756e+01 1.000000000000000048e-04 -9.000000000000000222e-01
1.000000000000000056e-01 0.000000000000000000e+00 0.000000000000000000e+00 4.920189143094656714e+01 1.000000000000000048e-04 -9.000000000000000222e-01
1.000000000000000056e-01 0.000000000000000000e+00 0.000000000000000000e+00 6.561177672614024914e+01 1.000000000000000048e-04 -9.000000000000000222e-01
1.000000000000000056e-01 0.000000000000000000e+00 0.000000000000000000e+00 8.749471046662279150e+01 1.000000000000000048e-04 -9.000000000000000222e-01
1.000000000000000056e-01 0.000000000000000000e+00 0.000000000000000000e+00 1.166760716081661986e+00 1.000000000000000048e-04 -6.999999999999999556e-01
1.000000000000000056e-01 0.000000000000000000e+00 0.000000000000000000e+00 1.555900421101123365e+00 1.000000000000000048e-04 -6.999999999999999556e-01
1.000000000000000056e-01 0.000000000000000000e+00 0.000000000000000000e+00 2.074826557850288911e+00 1.000000000000000048e-04 -6.999999999999999556e-01
1.000000000000000056e-01 0.000000000000000000e+00 0.000000000000000000e+00 2.766825682915017293e+00 1.000000000000000048e-04 -6.999999999999999556e-01
1.000000000000000056e-01 0.000000000000000000e+00 0.000000000000000000e+00 3.689621347227101111e+00 1.000000000000000048e-04 -6.999999999999999556e-01
1.000000000000000056e-01 0.000000000000000000e+00 0.000000000000000000e+00 4.920189143094656714e+00 1.000000000000000048e-04 -6.999999999999999556e-01
1.000000000000000056e-01 0.000000000000000000e+00 0.000000000000000000e+00 6.561177672614024736e+00 1.000000000000000048e-04 -6.999999999999999556e-01
1.000000000000000056e-01 0.000000000000000000e+00 0.000000000000000000e+00 8.749471046662279150e+00 1.000000000000000048e-04 -6.999999999999999556e-01
1.000000000000000056e-01 0.000000000000000000e+00 0.000000000000000000e+00 1.166760716081661897e+01 1.000000000000000048e-04 -6.999999999999999556e-01
1.000000000000000056e-01 0.000000000000000000e+00 0.000000000000000000e+00 1.555900421101123499e+01 1.000000000000000048e-04 -6.999999999999999556e-01
1.000000000000000056e-01 0.000000000000000000e+00 0.000000000000000000e+00 2.074826557850288822e+01 1.000000000000000048e-04 -6.999999999999999556e-01
1.000000000000000056e-01 0.000000000000000000e+00 0.000000000000000000e+00 2.766825682915017381e+01 1.000000000000000048e-04 -6.999999999999999556e-01
1.000000000000000056e-01 0.000000000000000000e+00 0.000000000000000000e+00 3.689621347227100756e+01 1.000000000000000048e-04 -6.999999999999999556e-01
1.000000000000000056e-01 0.000000000000000000e+00 0.000000000000000000e+00 4.920189143094656714e+01 1.000000000000000048e-04 -6.999999999999999556e-01
1.000000000000000056e-01 0.000000000000000000e+00 0.000000000000000000e+00 6.561177672614024914e+01 1.000000000000000048e-04 -6.999999999999999556e-01
1.000000000000000056e-01 0.000000000000000000e+00 0.000000000000000000e+00 8.749471046662279150e+01 1.000000000000000048e-04 -6.999999999999999556e-01
1.000000000000000056e-01 0.000000000000000000e+00 0.000000000000000000e+00 1.166760716081661986e+00 1.000000000000000048e-04 -5.000000000000000000e-01
1.000000000000000056e-01 0.000000000000000000e+00 0.000000000000000000e+00 1.555900421101123365e+00 1.000000000000000048e-04 -5.000000000000000000e-01
1.000000000000000056e-01 0.000000000000000000e+00 0.000000000000000000e+00 2.074826557850288911e+00 1.000000000000000048e-04 -5.000000000000000000e-01
1.000000000000000056e-01 0.000000000000000000e+00 0.000000000000000000e+00 2.766825682915017293e+00 1.000000000000000048e-04 -5.000000000000000000e-01
1.000000000000000056e-01 0.000000000000000000e+00 0.000000000000000000e+00 3.689621347227101111e+00 1.000000000000000048e-04 -5.000000000000000000e-01
1.000000000000000056e-01 0.000000000000000000e+00 0.000000000000000000e+00 4.920189143094656714e+00 1.000000000000000048e-04 -5.000000000000000000e-01
1.000000000000000056e-01 0.000000000000000000e+00 0.000000000000000000e+00 6.561177672614024736e+00 1.000000000000000048e-04 -5.000000000000000000e-01
1.000000000000000056e-01 0.000000000000000000e+00 0.000000000000000000e+00 8.749471046662279150e+00 1.000000000000000048e-04 -5.000000000000000000e-01
1.000000000000000056e-01 0.000000000000000000e+00 0.000000000000000000e+00 1.166760716081661897e+01 1.000000000000000048e-04 -5.000000000000000000e-01
1.000000000000000056e-01 0.000000000000000000e+00 0.000000000000000000e+00 1.555900421101123499e+01 1.000000000000000048e-04 -5.000000000000000000e-01
1.000000000000000056e-01 0.000000000000000000e+00 0.000000000000000000e+00 2.074826557850288822e+01 1.000000000000000048e-04 -5.000000000000000000e-01
1.000000000000000056e-01 0.000000000000000000e+00 0.000000000000000000e+00 2.766825682915017381e+01 1.000000000000000048e-04 -5.000000000000000000e-01
1.000000000000000056e-01 0.000000000000000000e+00 0.000000000000000000e+00 3.689621347227100756e+01 1.000000000000000048e-04 -5.000000000000000000e-01
1.000000000000000056e-01 0.000000000000000000e+00 0.000000000000000000e+00 4.920189143094656714e+01 1.000000000000000048e-04 -5.000000000000000000e-01
1.000000000000000056e-01 0.000000000000000000e+00 0.000000000000000000e+00 6.561177672614024914e+01 1.000000000000000048e-04 -5.000000000000000000e-01
1.000000000000000056e-01 0.000000000000000000e+00 0.000000000000000000e+00 8.749471046662279150e+01 1.000000000000000048e-04 -5.000000000000000000e-01
1.000000000000000056e-01 0.000000000000000000e+00 0.000000000000000000e+00 1.166760716081661986e+00 1.000000000000000048e-04 -2.999999999999999334e-01
1.000000000000000056e-01 0.000000000000000000e+00 0.000000000000000000e+00 1.555900421101123365e+00 1.000000000000000048e-04 -2.999999999999999334e-01
1.000000000000000056e-01 0.000000000000000000e+00 0.000000000000000000e+00 2.074826557850288911e+00 1.000000000000000048e-04 -2.999999999999999334e-01
1.000000000000000056e-01 0.000000000000000000e+00 0.000000000000000000e+00 2.766825682915017293e+00 1.000000000000000048e-04 -2.999999999999999334e-01
1.000000000000000056e-01 0.000000000000000000e+00 0.000000000000000000e+00 3.689621347227101111e+00 1.000000000000000048e-04 -2.999999999999999334e-01
1.000000000000000056e-01 0.000000000000000000e+00 0.000000000000000000e+00 4.920189143094656714e+00 1.000000000000000048e-04 -2.999999999999999334e-01
1.000000000000000056e-01 0.000000000000000000e+00 0.000000000000000000e+00 6.561177672614024736e+00 1.000000000000000048e-04 -2.999999999999999334e-01
1.000000000000000056e-01 0.000000000000000000e+00 0.000000000000000000e+00 8.749471046662279150e+00 1.000000000000000048e-04 -2.999999999999999334e-01
1.000000000000000056e-01 0.000000000000000000e+00 0.000000000000000000e+00 1.166760716081661897e+01 1.000000000000000048e-04 -2.999999999999999334e-01
1.000000000000000056e-01 0.000000000000000000e+00 0.000000000000000000e+00 1.555900421101123499e+01 1.000000000000000048e-04 -2.999999999999999334e-01
1.000000000000000056e-01 0.000000000000000000e+00 0.000000000000000000e+00 2.074826557850288822e+01 1.000000000000000048e-04 -2.999999999999999334e-01
1.000000000000000056e-01 0.000000000000000000e+00 0.000000000000000000e+00 2.766825682915017381e+01 1.000000000000000048e-04 -2.999999999999999334e-01
1.000000000000000056e-01 0.000000000000000000e+00 0.000000000000000000e+00 3.689621347227100756e+01 1.000000000000000048e-04 -2.999999999999999334e-01
1.000000000000000056e-01 0.000000000000000000e+00 0.000000000000000000e+00 4.920189143094656714e+01 1.000000000000000048e-04 -2.999999999999999334e-01
1.000000000000000056e-01 0.000000000000000000e+00 0.000000000000000000e+00 6.561177672614024914e+01 1.000000000000000048e-04 -2.999999999999999334e-01
1.000000000000000056e-01 0.000000000000000000e+00 0.000000000000000000e+00 8.749471046662279150e+01 1.000000000000000048e-04 -2.999999999999999334e-01
1.000000000000000056e-01 0.000000000000000000e+00 0.000000000000000000e+00 1.166760716081661986e+00 1.000000000000000048e-04 -9.999999999999997780e-02
1.000000000000000056e-01 0.000000000000000000e+00 0.000000000000000000e+00 1.555900421101123365e+00 1.000000000000000048e-04 -9.999999999999997780e-02
1.000000000000000056e-01 0.000000000000000000e+00 0.000000000000000000e+00 2.074826557850288911e+00 1.000000000000000048e-04 -9.999999999999997780e-02
1.000000000000000056e-01 0.000000000000000000e+00 0.000000000000000000e+00 2.766825682915017293e+00 1.000000000000000048e-04 -9.999999999999997780e-02
1.000000000000000056e-01 0.000000000000000000e+00 0.000000000000000000e+00 3.689621347227101111e+00 1.000000000000000048e-04 -9.999999999999997780e-02
1.000000000000000056e-01 0.000000000000000000e+00 0.000000000000000000e+00 4.920189143094656714e+00 1.000000000000000048e-04 -9.999999999999997780e-02
1.000000000000000056e-01 0.000000000000000000e+00 0.000000000000000000e+00 6.561177672614024736e+00 1.000000000000000048e-04 -9.999999999999997780e-02
1.000000000000000056e-01 0.000000000000000000e+00 0.000000000000000000e+00 8.749471046662279150e+00 1.000000000000000048e-04 -9.999999999999997780e-02
1.000000000000000056e-01 0.000000000000000000e+00 0.000000000000000000e+00 1.166760716081661897e+01 1.000000000000000048e-04 -9.999999999999997780e-02
1.000000000000000056e-01 0.000000000000000000e+00 0.000000000000000000e+00 1.555900421101123499e+01 1.000000000000000048e-04 -9.999999999999997780e-02
1.000000000000000056e-01 0.000000000000000000e+00 0.000000000000000000e+00 2.074826557850288822e+01 1.000000000000000048e-04 -9.999999999999997780e-02
1.000000000000000056e-01 0.000000000000000000e+00 0.000000000000000000e+00 2.766825682915017381e+01 1.000000000000000048e-04 -9.999999999999997780e-02
1.000000000000000056e-01 0.000000000000000000e+00 0.000000000000000000e+00 3.689621347227100756e+01 1.000000000000000048e-04 -9.999999999999997780e-02
1.000000000000000056e-01 0.000000000000000000e+00 0.000000000000000000e+00 4.920189143094656714e+01 1.000000000000000048e-04 -9.999999999999997780e-02
1.000000000000000056e-01 0.000000000000000000e+00 0.000000000000000000e+00 6.561177672614024914e+01 1.000000000000000048e-04 -9.999999999999997780e-02
1.000000000000000056e-01 0.000000000000000000e+00 0.000000000000000000e+00 8.749471046662279150e+01 1.000000000000000048e-04 -9.999999999999997780e-02
1.000000000000000056e-01 0.000000000000000000e+00 0.000000000000000000e+00 1.166760716081661986e+00 1.000000000000000048e-04 9.999999999999997780e-02
1.000000000000000056e-01 0.000000000000000000e+00 0.000000000000000000e+00 1.555900421101123365e+00 1.000000000000000048e-04 9.999999999999997780e-02
1.000000000000000056e-01 0.000000000000000000e+00 0.000000000000000000e+00 2.074826557850288911e+00 1.000000000000000048e-04 9.999999999999997780e-02
1.000000000000000056e-01 0.000000000000000000e+00 0.000000000000000000e+00 2.766825682915017293e+00 1.000000000000000048e-04 9.999999999999997780e-02
1.000000000000000056e-01 0.000000000000000000e+00 0.000000000000000000e+00 3.689621347227101111e+00 1.000000000000000048e-04 9.999999999999997780e-02
1.000000000000000056e-01 0.000000000000000000e+00 0.000000000000000000e+00 4.920189143094656714e+00 1.000000000000000048e-04 9.999999999999997780e-02
1.000000000000000056e-01 0.000000000000000000e+00 0.000000000000000000e+00 6.561177672614024736e+00 1.000000000000000048e-04 9.999999999999997780e-02
1.000000000000000056e-01 0.000000000000000000e+00 0.000000000000000000e+00 8.749471046662279150e+00 1.000000000000000048e-04 9.999999999999997780e-02
1.000000000000000056e-01 0.000000000000000000e+00 0.000000000000000000e+00 1.166760716081661897e+01 1.000000000000000048e-04 9.999999999999997780e-02
1.000000000000000056e-01 1.108522115819991802e-308 1.605961575754008010e-307 1.555900421101123499e+01 1.000000000000000048e-04 9.999999999999997780e-02
1.000000000000000056e-01 1.968459549001325495e-239 2.761894291559701890e-238 2.074826557850288822e+01 1.000000000000000048e-04 9.999999999999997780e-02
1.000000000000000056e-01 1.603328681451463582e-187 2.180218812092711319e-186 2.766825682915017381e+01 1.000000000000000048e-04 9.999999999999997780e-02
1.000000000000000056e-01 1.283491323945918160e-148 1.713654716469449194e-147 3.689621347227100756e+01 1.000000000000000048e-04 9.999999999999997780e-02
1.000000000000000056e-01 1.763269112378178272e-119 2.405446094278954515e-118 4.920189143094656714e+01 1.000000000000000048e-04 9.999999999999997780e-02
1.000000000000000056e-01 1.082085156153059521e-97 1.561740029224975257e-96 6.561177672614024914e+01 1.000000000000000048e-04 9.999999999999997780e-02
1.000000000000000056e-01 1.699733759029736828e-81 2.396450151851661259e-80 8.749471046662279150e+01 1.000000000000000048e-04 9.999999999999997780e-02
1.000000000000000056e-01 0.000000000000000000e+00 0.000000000000000000e+00 1.166760716081661986e+00 1.000000000000000048e-04 3.000000000000001554e-01
1.000000000000000056e-01 0.000000000000000000e+00 0.000000000000000000e+00 1.555900421101123365e+00 1.000000000000000048e-04 3.000000000000001554e-01
1.000000000000000056e-01 0.000000000000000000e+00 0.000000000000000000e+00 2.074826557850288911e+00 1.000000000000000048e-04 3.000000000000001554e-01
1.000000000000000056e-01 0.000000000000000000e+00 0.000000000000000000e+00 2.766825682915017293e+00 1.000000000000000048e-04 3.000000000000001554e-01
1.000000000000000056e-01 0.000000000000000000e+00 0.000000000000000000e+00 3.689621347227101111e+00 1.000000000000000048e-04 3.000000000000001554e-01
1.000000000000000056e-01 1.173108571931317777e-310 1.742859612675678737e-309 4.920189143094656714e+00 1.000000000000000048e-04 3.000000000000001554e-01
1.000000000000000056e-01 2.976253853178084529e-237 4.314000526203894195e-236 6.561177672614024736e+00 1.000000000000000048e-04 3.000000000000001554e-01
1.000000000000000056e-01 3.065672527779062699e-182 4.352903297582285566e-181 8.749471046662279150e+00 1.000000000000000048e-04 3.000000000000001554e-01
1.000000000000000056e-01 5.045725627070665796e-141 7.003754783088325896e-140 1.166760716081661897e+01 1.000000000000000048e-04 3.000000000000001554e-01
1.000000000000000056e-01 3.759114139507013992e-110 5.012238801652119052e-109 1.555900421101123499e+01 1.000000000000000048e-04 3.000000000000001554e-01
1.000000000000000056e-01 4.877214358227241572e-87 6.176285055276701398e-86 2.074826557850288822e+01 1.000000000000000048e-04 3.000000000000001554e-01
1.000000000000000056e-01 9.559033713120680475e-70 1.144977528292386578e-68 2.766825682915017381e+01 1.000000000000000048e-04 3.000000000000001554e-01
1.000000000000000056e-01 7.983233562130427886e-57 9.179903238374275937e-56 3.689621347227100756e+01 1.000000000000000048e-04 3.000000000000001554e-01
1.000000000000000056e-01 3.473810403463164830e-47 3.968942273501846377e-46 4.920189143094656714e+01 1.000000000000000048e-04 3.000000000000001554e-01
1.000000000000000056e-01 4.929269608003842293e-40 5.787748305473343973e-39 6.561177672614024914e+01 1.000000000000000048e-04 3.000000000000001554e-01
1.000000000000000056e-01 7.992355449731636408e-35 8.943424338139393263e-34 8.749471046662279150e+01 1.000000000000000048e-04 3.000000000000001554e-01
1.000000000000000056e-01 0.000000000000000000e+00 0.000000000000000000e+00 1.166760716081661986e+00 1.000000000000000048e-04 5.000000000000001110e-01
1.000000000000000056e-01 0.000000000000000000e+00 0.000000000000000000e+00 1.555900421101123365e+00 1.000000000000000048e-04 5.000000000000001110e-01
1.000000000000000056e-01 0.000000000000000000e+00 0.000000000000000000e+00 2.074826557850288911e+00 1.000000000000000048e-04 5.000000000000001110e-01
1.000000000000000056e-01 0.000000000000000000e+00 0.000000000000000000e+00 2.766825682915017293e+00 1.000000000000000048e-04 5.000000000000001110e-01
1.000000000000000056e-01 3.357438959488888736e-248 5.306457267206924120e-247 3.689621347227101111e+00 1.000000000000000048e-04 5.000000000000001110e-01
1.000000000000000056e-01 1.770089957573245622e-189 2.637598806478570661e-188 4.920189143094656714e+00 1.000000000000000048e-04 5.000000000000001110e-01
1.000000000000000056e-01 1.775996886819017123e-145 2.563659368939309635e-144 6.561177672614024736e+00 1.000000000000000048e-04 5.000000000000001110e-01
1.000000000000000056e-01 1.621393927759725829e-112 2.278921050849854923e-111 8.749471046662279150e+00 1.000000000000000048e-04 5.000000000000001110e-01
1.000000000000000056e-01 7.680340003194355399e-88 1.048725465598041706e-86 1.166760716081661897e+01 1.000000000000000048e-04 5.000000000000001110e-01
1.000000000000000056e-01 2.234163356559337381e-69 2.909735011079483235e-68 1.555900421101123499e+01 1.000000000000000048e-04 5.000000000000001110e-01
1.000000000000000056e-01 1.419013935728796700e-55 1.740872265583597475e-54 2.074826557850288822e+01 1.000000000000000048e-04 5.000000000000001110e-01
1.000000000000000056e-01 2.855430324961551731e-45 3.287047558246607949e-44 2.766825682915017381e+01 1.000000000000000048e-04 5.000000000000001110e-01
1.000000000000000056e-01 1.353563350258390139e-37 1.473631832135066447e-36 3.689621347227100756e+01 1.000000000000000048e-04 5.000000000000001110e-01
1.000000000000000056e-01 6.720392735756025727e-32 7.157164619200808395e-31 4.920189143094656714e+01 1.000000000000000048e-04 5.000000000000001110e-01
1.000000000000000056e-01 1.032220074401255089e-27 1.110962117265300911e-26 6.561177672614024914e+01 1.000000000000000048e-04 5.000000000000001110e-01
1.000000000000000056e-01 9.770008014451643907e-25 9.888271665440554407e-24 8.749471046662279150e+01 1.000000000000000048e-04 5.000000000000001110e-01
1.000000000000000056e-01 0.000000000000000000e+00 0.000000000000000000e+00 1.166760716081661986e+00 1.000000000000000048e-04 7.000000000000000666e-01
1.000000000000000056e-01 0.000000000000000000e+00 0.000000000000000000e+00 1.555900421101123365e+00 1.000000000000000048e-04 7.000000000000000666e-01
1.000000000000000056e-01 6.254144247793353683e-310 1.274447074352768600e-308 2.074826557850288911e+00 1.000000000000000048e-04 7.000000000000000666e-01
1.000000000000000056e-01 2.980478346163195449e-235 5.258810297485564445e-234 2.766825682915017293e+00 1.000000000000000048e-04 7.000000000000000666e-01
1.000000000000000056e-01 2.588710028975544965e-179 4.125203069435281786e-178 3.689621347227101111e+00 1.000000000000000048e-04 7.000000000000000666e-01
1.000000000000000056e-01 2.022993584780259848e-137 3.041258352177734331e-136 4.920189143094656714e+00 1.000000000000000048e-04 7.000000000000000666e-01
1.000000000000000056e-01 4.838330846634002625e-106 7.042564906488245216e-105 6.561177672614024736e+00 1.000000000000000048e-04 7.000000000000000666e-01
1.000000000000000056e-01 1.510573393952704391e-82 2.131852732044893393e-81 8.749471046662279150e+00 1.000000000000000048e-04 7.000000000000000666e-01
1.000000000000000056e-01 5.705796210924310471e-65 7.750022525104481791e-64 1.166760716081661897e+01 1.000000000000000048e-04 7.000000000000000666e-01
1.000000000000000056e-01 7.820184763085153509e-52 1.008541618523491506e-50 1.555900421101123499e+01 1.000000000000000048e-04 7.000000000000000666e-01
1.000000000000000056e-01 5.003777147944780862e-42 6.047935593306292724e-41 2.074826557850288822e+01 1.000000000000000048e-04 7.000000000000000666e-01
1.000000000000000056e-01 1.008537057261603469e-34 1.136150905594285591e-33 2.766825682915017381e+01 1.000000000000000048e-04 7.000000000000000666e-01
1.000000000000000056e-01 2.678840016657515688e-29 2.828955369813493118e-28 3.689621347227100756e+01 1.000000000000000048e-04 7.000000000000000666e-01
1.000000000000000056e-01 2.708988739229604001e-25 2.766301739998933198e-24 4.920189143094656714e+01 1.000000000000000048e-04 7.000000000000000666e-01
1.000000000000000056e-01 2.229702470108493701e-22 2.271714843429906816e-21 6.561177672614024914e+01 1.000000000000000048e-04 7.000000000000000666e-01
1.000000000000000056e-01 2.333436069146701496e-20 2.214067047855511552e-19 8.749471046662279150e+01 1.000000000000000048e-04 7.000000000000000666e-01
1.000000000000000056e-01 0.000000000000000000e+00 0.000000000000000000e+00 1.166760716081661986e+00 1.000000000000000048e-04 9.000000000000000222e-01
1.000000000000000056e-01 0.000000000000000000e+00 0.000000000000000000e+00 1.555900421101123365e+00 1.000000000000000048e-04 9.000000000000000222e-01
1.000000000000000056e-01 1.436624988778292808e-242 2.953786767024294922e-241 2.074826557850288911e+00 1.000000000000000048e-04 9.000000000000000222e-01
1.000000000000000056e-01 1.637010233689487024e-184 2.917051604240483812e-183 2.766825682915017293e+00 1.000000000000000048e-04 9.000000000000000222e-01
1.000000000000000056e-01 4.805546668110024516e-141 7.768441533979739712e-140 3.689621347227101111e+00 1.000000000000000048e-04 9.000000000000000222e-01
1.000000000000000056e-01 1.672065220748059719e-108 2.527353886375273345e-107 4.920189143094656714e+00 1.000000000000000048e-04 9.000000000000000222e-01
1.000000000000000056e-01 3.851454819974279249e-84 5.611361578001633146e-83 6.561177672614024736e+00 1.000000000000000048e-04 9.000000000000000222e-01
1.000000000000000056e-01 6.563417258841439007e-66 9.235275542881652296e-65 8.749471046662279150e+00 1.000000000000000048e-04 9.000000000000000222e-01
1.000000000000000056e-01 2.793497958391056117e-52 3.767798667808283746e-51 1.166760716081661897e+01 1.000000000000000048e-04 9.000000000000000222e-01
1.000000000000000056e-01 4.176200761515760187e-42 5.325630357486001075e-41 1.555900421101123499e+01 1.000000000000000048e-04 9.000000000000000222e-01
1.000000000000000056e-01 1.599768306742520817e-34 1.902729820626115145e-33 2.074826557850288822e+01 1.000000000000000048e-04 9.000000000000000222e-01
1.000000000000000056e-01 6.922747597744168662e-29 7.628158866575125934e-28 2.766825682915017381e+01 1.000000000000000048e-04 9.000000000000000222e-01
1.000000000000000056e-01 1.028636053169231612e-24 1.054308381263058631e-23 3.689621347227100756e+01 1.000000000000000048e-04 9.000000000000000222e-01
1.000000000000000056e-01 1.193138756205160426e-21 1.170898441642907188e-20 4.920189143094656714e+01 1.000000000000000048e-04 9.000000000000000222e-01
1.000000000000000056e-01 1.930274866765046953e-19 1.869887661101973229e-18 6.561177672614024914e+01 1.000000000000000048e-04 9.000000000000000222e-01
1.000000000000000056e-01 5.944626538029435120e-18 5.321160609046772243e-17 8.749471046662279150e+01 1.000000000000000048e-04 9.000000000000000222e-01
1.000000000000000056e-01 1.045521231310932208e-03 6.651761220000015906e-02 1.166760716081661986e+00 1.000000000000000000e+05 -9.000000000000000222e-01
1.000000000000000056e-01 1.047070957110853451e-03 3.260910516629713513e-02 1.555900421101123365e+00 1.000000000000000000e+05 -9.000000000000000222e-01
1.000000000000000056e-01 8.377277626376103143e-04 1.633416053874506974e-02 2.074826557850288911e+00 1.000000000000000000e+05 -9.000000000000000222e-01
1.000000000000000056e-01 4.643816461905905498e-04 8.006831575328058476e-03 2.766825682915017293e+00 1.000000000000000000e+05 -9.000000000000000222e-01
1.000000000000000056e-01 2.261037474000932989e-04 3.676296074667947077e-03 3.689621347227101111e+00 1.000000000000000000e+05 -9.000000000000000222e-01
1.000000000000000056e-01 1.029535556715946361e-04 1.622990154437449527e-03 4.920189143094656714e+00 1.000000000000000000e+05 -9.000000000000000222e-01
1.000000000000000056e-01 4.688740252265510020e-05 7.195655915777814712e-04 6.561177672614024736e+00 1.000000000000000000e+05 -9.000000000000000222e-01
1.000000000000000056e-01 2.161900574637328436e-05 3.237110450958691145e-04 8.749471046662279150e+00 1.000000000000000000e+05 -9.000000000000000222e-01
1.000000000000000056e-01 1.000465354398124769e-05 1.450120405215095691e-04 1.166760716081661897e+01 1.000000000000000000e+05 -9.000000000000000222e-01
1.000000000000000056e-01 4.618226591342710057e-06 6.416625680538015175e-05 1.555900421101123499e+01 1.000000000000000000e+05 -9.000000000000000222e-01
1.000000000000000056e-01 2.136610406929957747e-06 2.811123833734091714e-05 2.074826557850288822e+01 1.000000000000000000e+05 -9.000000000000000222e-01
1.000000000000000056e-01 9.868180229238573165e-07 1.218030147869715697e-05 2.766825682915017381e+01 1.000000000000000000e+05 -9.000000000000000222e-01
1.000000000000000056e-01 4.512906439090120053e-07 5.211815023468134553e-06 3.689621347227100756e+01 1.000000000000000000e+05 -9.000000000000000222e-01
1.000000000000000056e-01 1.999027836269890544e-07 2.205250148956694370e-06 4.920189143094656714e+01 1.000000000000000000e+05 -9.000000000000000222e-01
1.000000000000000056e-01 8.162477009139693701e-08 8.807767466108094653e-07 6.561177672614024914e+01 1.000000000000000000e+05 -9.000000000000000222e-01
1.000000000000000056e-01 2.605462471251871205e-08 2.581822414437314735e-07 8.749471046662279150e+01 1.000000000000000000e+05 -9.000000000000000222e-01
1.000000000000000056e-01 1.043793350189435067e-03 6.658470695308155163e-02 1.166760716081661986e+00 1.000000000000000000e+05 -6.999999999999999556e-01
1.000000000000000056e-01 1.044778830427892363e-03 3.262096927516692363e-02 1.555900421101123365e+00 1.000000000000000000e+05 -6.999999999999999556e-01
1.000000000000000056e-01 8.354591158586312672e-04 1.633638633515708399e-02 2.074826557850288911e+00 1.000000000000000000e+05 -6.999999999999999556e-01
1.000000000000000056e-01 4.628086903771447117e-04 8.009561271924725903e-03 2.766825682915017293e+00 1.000000000000000000e+05 -6.999999999999999556e-01
1.000000000000000056e-01 2.251485617502836797e-04 3.681663047929299368e-03 3.689621347227101111e+00 1.000000000000000000e+05 -6.999999999999999556e-01
1.000000000000000056e-01 1.024330508640762836e-04 1.628368015041450987e-03 4.920189143094656714e+00 1.000000000000000000e+05 -6.999999999999999556e-01
1.000000000000000056e-01 4.662310288678357635e-05 7.235226475128546299e-04 6.561177672614024736e+00 1.000000000000000000e+05 -6.999999999999999556e-01
1.000000000000000056e-01 2.148979763810660308e-05 3.265571060109183029e-04 8.749471046662279150e+00 1.000000000000000000e+05 -6.999999999999999556e-01
1.000000000000000056e-01 9.945497349899681469e-06 1.469676140856463647e-04 1.166760716081661897e+01 1.000000000000000000e+05 -6.999999999999999556e-01
1.000000000000000056e-01 4.593484495645718119e-06 6.544618243225018399e-05 1.555900421101123499e+01 1.000000000000000000e+05 -6.999999999999999556e-01
1.000000000000000056e-01 2.127647024003121821e-06 2.890735107327776864e-05 2.074826557850288822e+01 1.000000000000000000e+05 -6.999999999999999556e-01
1.000000000000000056e-01 9.844338453145964071e-07 1.265247893874296566e-05 2.766825682915017381e+01 1.000000000000000000e+05 -6.999999999999999556e-01
1.000000000000000056e-01 4.512731036326829717e-07 5.478498809463916937e-06 3.689621347227100756e+01 1.000000000000000000e+05 -6.999999999999999556e-01
1.000000000000000056e-01 2.004654102165175234e-07 2.349154095938068998e-06 4.920189143094656714e+01 1.000000000000000000e+05 -6.999999999999999556e-01
1.000000000000000056e-01 8.211237492888975578e-08 9.509359004091968197e-07 6.561177672614024914e+01 1.000000000000000000e+05 -6.999999999999999556e-01
1.000000000000000056e-01 2.629627492913426001e-08 2.818325898133502565e-07 8.749471046662279150e+01 1.000000000000000000e+05 -6.999999999999999556e-01
1.000000000000000056e-01 1.041493540975991540e-03 6.663405595702906470e-02 1.166760716081661986e+00 1.000000000000000000e+05 -5.000000000000000000e-01
1.000000000000000056e-01 1.041918563094560313e-03 3.262343728104848822e-02 1.555900421101123365e+00 1.000000000000000000e+05 -5.000000000000000000e-01
1.000000000000000056e-01 8.326970325665374387e-04 1.633423301809883849e-02 2.074826557850288911e+00 1.000000000000000000e+05 -5.000000000000000000e-01
1.000000000000000056e-01 4.608858495096848358e-04 8.009634622110413382e-03 2.766825682915017293e+00 1.000000000000000000e+05 -5.000000000000000000e-01
1.000000000000000056e-01 2.239579737579073669e-04 3.685696847687586382e-03 3.689621347227101111e+00 1.000000000000000000e+05 -5.000000000000000000e-01
1.000000000000000056e-01 1.017628721255315884e-04 1.633078894065965840e-03 4.920189143094656714e+00 1.000000000000000000e+05 -5.000000000000000000e-01
1.000000000000000056e-01 4.626790269904539863e-05 7.270997154272088340e-04 6.561177672614024736e+00 1.000000000000000000e+05 -5.000000000000000000e-01
1.000000000000000056e-01 2.130675694191430541e-05 3.292268121400794795e-04 8.749471046662279150e+00 1.000000000000000000e+05 -5.000000000000000000e-01
1.000000000000000056e-01 9.855526271598917542e-06 1.488678318319244505e-04 1.166760716081661897e+01 1.000000000000000000e+05 -5.000000000000000000e-01
1.000000000000000056e-01 4.551745638983867451e-06 6.674072473293932552e-05 1.555900421101123499e+01 1.000000000000000000e+05 -5.000000000000000000e-01
1.000000000000000056e-01 2.109882211345183996e-06 2.975415812532090871e-05 2.074826557850288822e+01 1.000000000000000000e+05 -5.000000000000000000e-01
1.000000000000000056e-01 9.775161977303407680e-07 1.318365785857045371e-05 2.766825682915017381e+01 1.000000000000000000e+05 -5.000000000000000000e-01
1.000000000000000056e-01 4.491332897438483120e-07 5.796466253375815585e-06 3.689621347227100756e+01 1.000000000000000000e+05 -5.000000000000000000e-01
1.000000000000000056e-01 2.000989939429938906e-07 2.530749570305759626e-06 4.920189143094656714e+01 1.000000000000000000e+05 -5.000000000000000000e-01
1.000000000000000056e-01 8.223367501874013346e-08 1.043372604039084404e-06 6.561177672614024914e+01 1.000000000000000000e+05 -5.000000000000000000e-01
1.000000000000000056e-01 2.642862786393950138e-08 3.138988715417612200e-07 8.749471046662279150e+01 1.000000000000000000e+05 -5.000000000000000000e-01
1.000000000000000056e-01 1.037637116581061102e-03 6.662318590695903708e-02 1.166760716081661986e+00 1.000000000000000000e+05 -2.999999999999999334e-01
1.000000000000000056e-01 1.037510104752306823e-03 3.259352957818427432e-02 1.555900421101123365e+00 1.000000000000000000e+05 -2.999999999999999334e-01
1.000000000000000056e-01 8.286543337847503393e-04 1.631180025975348738e-02 2.074826557850288911e+00 1.000000000000000000e+05 -2.999999999999999334e-01
1.000000000000000056e-01 4.581667509856217021e-04 7.998613601814665713e-03 2.766825682915017293e+00 1.000000000000000000e+05 -2.999999999999999334e-01
1.000000000000000056e-01 2.223064515241617240e-04 3.683934391939366632e-03 3.689621347227101111e+00 1.000000000000000000e+05 -2.999999999999999334e-01
1.000000000000000056e-01 1.008335232061573694e-04 1.634777833354578288e-03 4.920189143094656714e+00 1.000000000000000000e+05 -2.999999999999999334e-01
1.000000000000000056e-01 4.576717019243270825e-05 7.290669002376678337e-04 6.561177672614024736e+00 1.000000000000000000e+05 -2.999999999999999334e-01
1.000000000000000056e-01 2.104208822689239490e-05 3.310683790537925406e-04 8.749471046662279150e+00 1.000000000000000000e+05 -2.999999999999999334e-01
1.000000000000000056e-01 9.720403103937301316e-06 1.503846515261575846e-04 1.166760716081661897e+01 1.000000000000000000e+05 -2.999999999999999334e-01
1.000000000000000056e-01 4.485512786036745226e-06 6.789215972121920805e-05 1.555900421101123499e+01 1.000000000000000000e+05 -2.999999999999999334e-01
1.000000000000000056e-01 2.078913679907206462e-06 3.057003069569421002e-05 2.074826557850288822e+01 1.000000000000000000e+05 -2.999999999999999334e-01
1.000000000000000056e-01 9.639103655791157981e-07 1.372458466863025660e-05 2.766825682915017381e+01 1.000000000000000000e+05 -2.999999999999999334e-01
1.000000000000000056e-01 4.435945057509072548e-07 6.135217596405985456e-06 3.689621347227100756e+01 1.000000000000000000e+05 -2.999999999999999334e-01
1.000000000000000056e-01 1.981017294347030581e-07 2.733528769379659465e-06 4.920189143094656714e+01 1.000000000000000000e+05 -2.999999999999999334e-01
1.000000000000000056e-01 8.166375732573414435e-08 1.152832493440474521e-06 6.561177672614024914e+01 1.000000000000000000e+05 -2.999999999999999334e-01
1.000000000000000056e-01 2.633724718165550528e-08 3.535169756467675086e-07 8.749471046662279150e+01 1.000000000000000000e+05 -2.999999999999999334e-01
1.000000000000000056e-01 1.035113845492354996e-03 6.667384044614249605e-02 1.166760716081661986e+00 1.000000000000000000e+05 -9.999999999999997780e-02
1.000000000000000056e-01 1.034466194970743705e-03 3.259054511488102684e-02 1.555900421101123365e+00 1.000000000000000000e+05 -9.999999999999997780e-02
1.000000000000000056e-01 8.257125797404907871e-04 1.630126998999745572e-02 2.074826557850288911e+00 1.000000000000000000e+05 -9.999999999999997780e-02
1.000000000000000056e-01 4.560497930359542172e-04 7.991161189862443573e-03 2.766825682915017293e+00 1.000000000000000000e+05 -9.999999999999997780e-02
1.000000000000000056e-01 2.209367570180859671e-04 3.681617706846261086e-03 3.689621347227101111e+00 1.000000000000000000e+05 -9.999999999999997780e-02
1.000000000000000056e-01 1.000157397518231628e-04 1.634767265511805978e-03 4.920189143094656714e+00 1.000000000000000000e+05 -9.999999999999997780e-02
1.000000000000000056e-01 4.530093183034392828e-05 7.294642422434133517e-04 6.561177672614024736e+00 1.000000000000000000e+05 -9.999999999999997780e-02
1.000000000000000056e-01 2.078143261339420090e-05 3.316952986454308827e-04 8.749471046662279150e+00 1.000000000000000000e+05 -9.999999999999997780e-02
1.000000000000000056e-01 9.578793917975833989e-06 1.510442335287016924e-04 1.166760716081661897e+01 1.000000000000000000e+05 -9.999999999999997780e-02
1.000000000000000056e-01 4.410779025770435563e-06 6.847868174763764939e-05 1.555900421101123499e+01 1.000000000000000000e+05 -9.999999999999997780e-02
1.000000000000000056e-01 2.040622091796417414e-06 3.103836906510056644e-05 2.074826557850288822e+01 1.000000000000000000e+05 -9.999999999999997780e-02
1.000000000000000056e-01 9.450116657321430074e-07 1.406917365387967754e-05 2.766825682915017381e+01 1.000000000000000000e+05 -9.999999999999997780e-02
1.000000000000000056e-01 4.346566106293340321e-07 6.372213344236930226e-06 3.689621347227100756e+01 1.000000000000000000e+05 -9.999999999999997780e-02
1.000000000000000056e-01 1.941115755084950589e-07 2.888235366170884562e-06 4.920189143094656714e+01 1.000000000000000000e+05 -9.999999999999997780e-02
1.000000000000000056e-01 8.005187297541539509e-08 1.242415242396678211e-06 6.561177672614024914e+01 1.000000000000000000e+05 -9.999999999999997780e-02
1.000000000000000056e-01 2.583381840813307794e-08 3.876625253920816708e-07 8.749471046662279150e+01 1.000000000000000000e+05 -9.999999999999997780e-02
1.000000000000000056e-01 1.037367731079691336e-03 6.681955203165469703e-02 1.166760716081661986e+00 1.000000000000000000e+05 9.999999999999997780e-02
1.000000000000000056e-01 1.036435482620053994e-03 3.265273676877925024e-02 1.555900421101123365e+00 1.000000000000000000e+05 9.999999999999997780e-02
1.000000000000000056e-01 8.271155956196595081e-04 1.632903183308099734e-02 2.074826557850288911e+00 1.000000000000000000e+05 9.999999999999997780e-02
1.000000000000000056e-01 4.567553812456775380e-04 8.003567178546083793e-03 2.766825682915017293e+00 1.000000000000000000e+05 9.999999999999997780e-02
1.000000000000000056e-01 2.212536329016640240e-04 3.686930666881529754e-03 3.689621347227101111e+00 1.000000000000000000e+05 9.999999999999997780e-02
1.000000000000000056e-01 1.001508147510469382e-04 1.636998066809991536e-03 4.920189143094656714e+00 1.000000000000000000e+05 9.999999999999997780e-02
1.000000000000000056e-01 4.535927303294969416e-05 7.304183600789831629e-04 6.561177672614024736e+00 1.000000000000000000e+05 9.999999999999997780e-02
1.000000000000000056e-01 2.080722188990700427e-05 3.321158301144375982e-04 8.749471046662279150e+00 1.000000000000000000e+05 9.999999999999997780e-02
1.000000000000000056e-01 9.590352374402344820e-06 1.512316252817727188e-04 1.166760716081661897e+01 1.000000000000000000e+05 9.999999999999997780e-02
1.000000000000000056e-01 4.416003056250271784e-06 6.856251456605819128e-05 1.555900421101123499e+01 1.000000000000000000e+05 9.999999999999997780e-02
1.000000000000000056e-01 2.043024853010770039e-06 3.107616135419972113e-05 2.074826557850288822e+01 1.000000000000000000e+05 9.999999999999997780e-02
1.000000000000000056e-01 9.461401943776026717e-07 1.408635419599024960e-05 2.766825682915017381e+01 1.000000000000000000e+05 9.999999999999997780e-02
1.000000000000000056e-01 4.352044636915267732e-07 6.380091871570502910e-06 3.689621347227100756e+01 1.000000000000000000e+05 9.999999999999997780e-02
1.000000000000000056e-01 1.943909395788944510e-07 2.891879873694068056e-06 4.920189143094656714e+01 1.000000000000000000e+05 9.999999999999997780e-02
1.000000000000000056e-01 8.020525240693777250e-08 1.243888233118221499e-06 6.561177672614024914e+01 1.000000000000000000e+05 9.999999999999997780e-02
1.000000000000000056e-01 2.590466473306166794e-08 3.880327875566420606e-07 8.749471046662279150e+01 1.000000000000000000e+05 9.999999999999997780e-02
1.000000000000000056e-01 1.042270102995802297e-03 6.689541159287543115e-02 1.166760716081661986e+00 1.000000000000000000e+05 3.000000000000001554e-01
1.000000000000000056e-01 1.041288391265880178e-03 3.271588126874457048e-02 1.555900421101123365e+00 1.000000000000000000e+05 3.000000000000001554e-01
1.000000000000000056e-01 8.311531297620924040e-04 1.636341587229775754e-02 2.074826557850288911e+00 1.000000000000000000e+05 3.000000000000001554e-01
1.000000000000000056e-01 4.593197223736697498e-04 8.020503449371989280e-03 2.766825682915017293e+00 1.000000000000000000e+05 3.000000000000001554e-01
1.000000000000000056e-01 2.227724252849959548e-04 3.692979453075218282e-03 3.689621347227101111e+00 1.000000000000000000e+05 3.000000000000001554e-01
1.000000000000000056e-01 1.010070934527048747e-04 1.638225472187585354e-03 4.920189143094656714e+00 1.000000000000000000e+05 3.000000000000001554e-01
1.000000000000000056e-01 4.583040169243257866e-05 7.301267980967721507e-04 6.561177672614024736e+00 1.000000000000000000e+05 3.000000000000001554e-01
1.000000000000000056e-01 2.106408058616867236e-05 3.313221880866850581e-04 8.749471046662279150e+00 1.000000000000000000e+05 3.000000000000001554e-01
1.000000000000000056e-01 9.726881179151017093e-06 1.505139687912270235e-04 1.166760716081661897e+01 1.000000000000000000e+05 3.000000000000001554e-01
1.000000000000000056e-01 4.486143711095254761e-06 6.796577068438862531e-05 1.555900421101123499e+01 1.000000000000000000e+05 3.000000000000001554e-01
1.000000000000000056e-01 2.078072623293848393e-06 3.061473471911995721e-05 2.074826557850288822e+01 1.000000000000000000e+05 3.000000000000001554e-01
1.000000000000000056e-01 9.634913646558819418e-07 1.375225442532183756e-05 2.766825682915017381e+01 1.000000000000000000e+05 3.000000000000001554e-01
1.000000000000000056e-01 4.434086772994590122e-07 6.152172818777486053e-06 3.689621347227100756e+01 1.000000000000000000e+05 3.000000000000001554e-01
1.000000000000000056e-01 1.980298225101083573e-07 2.743710792135167251e-06 4.920189143094656714e+01 1.000000000000000000e+05 3.000000000000001554e-01
1.000000000000000056e-01 8.164159201874786965e-08 1.158411150341591656e-06 6.561177672614024914e+01 1.000000000000000000e+05 3.000000000000001554e-01
1.000000000000000056e-01 2.633321984474213535e-08 3.555831826632463459e-07 8.749471046662279150e+01 1.000000000000000000e+05 3.000000000000001554e-01
1.000000000000000056e-01 1.046698619775549661e-03 6.701795971413361530e-02 1.166760716081661986e+00 1.000000000000000000e+05 5.000000000000001110e-01
1.000000000000000056e-01 1.045698622750046913e-03 3.276356274810020980e-02 1.555900421101123365e+00 1.000000000000000000e+05 5.000000000000001110e-01
1.000000000000000056e-01 8.348288043874054496e-04 1.638729581808150496e-02 2.074826557850288911e+00 1.000000000000000000e+05 5.000000000000001110e-01
1.000000000000000056e-01 4.616497351843329650e-04 8.029948067056338207e-03 2.766825682915017293e+00 1.000000000000000000e+05 5.000000000000001110e-01
1.000000000000000056e-01 2.241514756277766818e-04 3.693736765061950839e-03 3.689621347227101111e+00 1.000000000000000000e+05 5.000000000000001110e-01
1.000000000000000056e-01 1.017798741887444261e-04 1.636491239446780663e-03 4.920189143094656714e+00 1.000000000000000000e+05 5.000000000000001110e-01
1.000000000000000056e-01 4.624919386185928844e-05 7.286505358128126959e-04 6.561177672614024736e+00 1.000000000000000000e+05 5.000000000000001110e-01
1.000000000000000056e-01 2.128812943727177338e-05 3.300422696059966622e-04 8.749471046662279150e+00 1.000000000000000000e+05 5.000000000000001110e-01
1.000000000000000056e-01 9.843497380308172706e-06 1.493445123995385557e-04 1.166760716081661897e+01 1.000000000000000000e+05 5.000000000000001110e-01
1.000000000000000056e-01 4.545242443499657989e-06 6.703898223368784913e-05 1.555900421101123499e+01 1.000000000000000000e+05 5.000000000000001110e-01
1.000000000000000056e-01 2.106809391001855179e-06 2.994425065137688857e-05 2.074826557850288822e+01 1.000000000000000000e+05 5.000000000000001110e-01
1.000000000000000056e-01 9.762436826775811751e-07 1.329931207514511003e-05 2.766825682915017381e+01 1.000000000000000000e+05 5.000000000000001110e-01
1.000000000000000056e-01 4.486600678749727263e-07 5.863768522260337729e-06 3.689621347227100756e+01 1.000000000000000000e+05 5.000000000000001110e-01
1.000000000000000056e-01 1.999645800571962598e-07 2.568866149261679824e-06 4.920189143094656714e+01 1.000000000000000000e+05 5.000000000000001110e-01
1.000000000000000056e-01 8.222408021686560194e-08 1.063670945479051588e-06 6.561177672614024914e+01 1.000000000000000000e+05 5.000000000000001110e-01
1.000000000000000056e-01 2.644204827846011426e-08 3.212092262647943053e-07 8.749471046662279150e+01 1.000000000000000000e+05 5.000000000000001110e-01
1.000000000000000056e-01 1.050420773427661368e-03 6.705897881347222533e-02 1.166760716081661986e+00 1.000000000000000000e+05 7.000000000000000666e-01
1.000000000000000056e-01 1.049406042863811365e-03 3.278983710038243377e-02 1.555900421101123365e+00 1.000000000000000000e+05 7.000000000000000666e-01
1.000000000000000056e-01 8.379198948510479823e-04 1.639789656505248952e-02 2.074826557850288911e+00 1.000000000000000000e+05 7.000000000000000666e-01
1.000000000000000056e-01 4.636046227417465180e-04 8.031943114596637456e-03 2.766825682915017293e+00 1.000000000000000000e+05 7.000000000000000666e-01
1.000000000000000056e-01 2.252984974834305323e-04 3.690181888918348495e-03 3.689621347227101111e+00 1.000000000000000000e+05 7.000000000000000666e-01
1.000000000000000056e-01 1.024083660950045034e-04 1.631931327307383113e-03 4.920189143094656714e+00 1.000000000000000000e+05 7.000000000000000666e-01
1.000000000000000056e-01 4.657763815774304403e-05 7.251414985631738199e-04 6.561177672614024736e+00 1.000000000000000000e+05 7.000000000000000666e-01
1.000000000000000056e-01 2.145587511743768998e-05 3.274279448904005496e-04 8.749471046662279150e+00 1.000000000000000000e+05 7.000000000000000666e-01
1.000000000000000056e-01 9.925303322616207632e-06 1.474889575766012728e-04 1.166760716081661897e+01 1.000000000000000000e+05 7.000000000000000666e-01
1.000000000000000056e-01 4.582843097845599277e-06 6.577790458752068368e-05 1.555900421101123499e+01 1.000000000000000000e+05 7.000000000000000666e-01
1.000000000000000056e-01 2.122526046896709145e-06 2.912307566074736354e-05 2.074826557850288822e+01 1.000000000000000000e+05 7.000000000000000666e-01
1.000000000000000056e-01 9.822397993834788657e-07 1.278895440690276927e-05 2.766825682915017381e+01 1.000000000000000000e+05 7.000000000000000666e-01
1.000000000000000056e-01 4.504437598741820797e-07 5.561358744884066155e-06 3.689621347227100756e+01 1.000000000000000000e+05 7.000000000000000666e-01
1.000000000000000056e-01 2.002102433264290531e-07 2.397341563386968700e-06 4.920189143094656714e+01 1.000000000000000000e+05 7.000000000000000666e-01
1.000000000000000056e-01 8.206536613118412664e-08 9.760061294191768620e-07 6.561177672614024914e+01 1.000000000000000000e+05 7.000000000000000666e-01
1.000000000000000056e-01 2.630189010111269614e-08 2.906129517888372746e-07 8.749471046662279150e+01 1.000000000000000000e+05 7.000000000000000666e-01
1.000000000000000056e-01 1.053530345786984554e-03 6.706096122806998183e-02 1.166760716081661986e+00 1.000000000000000000e+05 9.000000000000000222e-01
1.000000000000000056e-01 1.052502653982906756e-03 3.279496149039043407e-02 1.555900421101123365e+00 1.000000000000000000e+05 9.000000000000000222e-01
1.000000000000000056e-01 8.404948688495658682e-04 1.639823471879381378e-02 2.074826557850288911e+00 1.000000000000000000e+05 9.000000000000000222e-01
1.000000000000000056e-01 4.652192629771479846e-04 8.028576481996008152e-03 2.766825682915017293e+00 1.000000000000000000e+05 9.000000000000000222e-01
1.000000000000000056e-01 2.262327156139489154e-04 3.683839226858845461e-03 3.689621347227101111e+00 1.000000000000000000e+05 9.000000000000000222e-01
1.000000000000000056e-01 1.029071353521086944e-04 1.625696554113053660e-03 4.920189143094656714e+00 1.000000000000000000e+05 9.000000000000000222e-01
1.000000000000000056e-01 4.682834718610145514e-05 7.206492264964427675e-04 6.561177672614024736e+00 1.000000000000000000e+05 9.000000000000000222e-01
1.000000000000000056e-01 2.157789966621388595e-05 3.242701950904186298e-04 8.749471046662279150e+00 1.000000000000000000e+05 9.000000000000000222e-01
1.000000000000000056e-01 9.980939430725890832e-06 1.453586654965875519e-04 1.166760716081661897e+01 1.000000000000000000e+05 9.000000000000000222e-01
1.000000000000000056e-01 4.605904850758473788e-06 6.439958795395759261e-05 1.555900421101123499e+01 1.000000000000000000e+05 9.000000000000000222e-01
1.000000000000000056e-01 2.130687262710589013e-06 2.826866858896691611e-05 2.074826557850288822e+01 1.000000000000000000e+05 9.000000000000000222e-01
1.000000000000000056e-01 9.841919018138137851e-07 1.228215189511720861e-05 2.766825682915017381e+01 1.000000000000000000e+05 9.000000000000000222e-01
1.000000000000000056e-01 4.502373757896614939e-07 5.273489906424695554e-06 3.689621347227100756e+01 1.000000000000000000e+05 9.000000000000000222e-01
1.000000000000000056e-01 1.995468596797070924e-07 2.240447740824239432e-06 4.920189143094656714e+01 1.000000000000000000e+05 9.000000000000000222e-01
1.000000000000000056e-01 8.153853378683248908e-08 8.986872969786942075e-07 6.561177672614024914e+01 1.000000000000000000e+05 9.000000000000000222e-01
1.000000000000000056e-01 2.604335374548905633e-08 2.644312560927516921e-07 8.749471046662279150e+01 1.000000000000000000e+05 9.000000000000000222e-01
