1.000000000000000056e-01 0.000000000000000000e+00 0.000000000000000000e+00 1.000000000000000048e-04 -6.999999999999999556e-01
1.000000000000000056e-01 0.000000000000000000e+00 0.000000000000000000e+00 1.000000000000000048e-04 -5.000000000000000000e-01
1.000000000000000056e-01 0.000000000000000000e+00 0.000000000000000000e+00 1.000000000000000048e-04 -2.999999999999999889e-01
1.000000000000000056e-01 0.000000000000000000e+00 0.000000000000000000e+00 1.000000000000000048e-04 -1.000000000000000056e-01
1.000000000000000056e-01 2.671717845985170489e-65 3.766847957041689521e-64 1.000000000000000048e-04 1.000000000000000056e-01
1.000000000000000056e-01 1.248605671834712381e-18 1.397187262402528228e-17 1.000000000000000048e-04 2.999999999999999889e-01
1.000000000000000056e-01 1.506523814192988223e-08 1.524966433527399566e-07 1.000000000000000048e-04 5.000000000000000000e-01
1.000000000000000056e-01 3.558522001827172255e-04 3.381222758818370252e-03 1.000000000000000048e-04 6.999999999999999556e-01
1.000000000000000056e-01 8.984434446533938468e-02 8.084842767588951151e-01 1.000000000000000048e-04 9.000000000000000222e-01
1.000000000000000056e-01 2.421657459263993660e+05 7.204819468209757470e+06 1.000000000000000000e+05 -6.999999999999999556e-01
1.000000000000000056e-01 2.515645423348678742e+05 7.512038725654214621e+06 1.000000000000000000e+05 -5.000000000000000000e-01
1.000000000000000056e-01 2.556835618887011078e+05 7.667129010969556868e+06 1.000000000000000000e+05 -2.999999999999999889e-01
1.000000000000000056e-01 2.582281093666327943e+05 7.776129119845252484e+06 1.000000000000000000e+05 -1.000000000000000056e-01
1.000000000000000056e-01 2.596100690119848296e+05 7.833603734728153795e+06 1.000000000000000000e+05 1.000000000000000056e-01
1.000000000000000056e-01 2.588754663701638347e+05 7.797460280569044873e+06 1.000000000000000000e+05 2.999999999999999889e-01
1.000000000000000056e-01 2.564675913698701188e+05 7.697569092746905982e+06 1.000000000000000000e+05 5.000000000000000000e-01
1.000000000000000056e-01 2.523617982051168801e+05 7.548130728161648847e+06 1.000000000000000000e+05 6.999999999999999556e-01
1.000000000000000056e-01 2.430628353051548183e+05 7.244557927198899910e+06 1.000000000000000000e+05 9.000000000000000222e-01
